x: 225.134293
y: -17.636539
z: 3000